10
Ciudad0 0 5756 12609 1860 4570 15906 13264 15670 17570 18782 
Ciudad1 11509 0 9149 1236 7072 17958 18308 13592 5060 2598 
Ciudad2 3170 4277 0 6713 17684 5258 17529 7642 3558 15399 
Ciudad3 1627 3638 6870 0 5567 3336 15984 6819 163 2453 
Ciudad4 15527 5176 16615 2025 0 5164 5177 13348 6112 13451 
Ciudad5 3257 5594 5554 19000 16813 0 12575 12235 17778 12676 
Ciudad6 2439 16626 15042 4426 13472 17738 0 10513 974 16777 
Ciudad7 6364 3991 7889 980 4526 15071 8017 0 19506 3599 
Ciudad8 6358 11703 14479 19906 12583 10100 5223 6932 0 376 
Ciudad9 17202 10166 9133 15054 2382 19207 474 16172 14564 0 
