5026.92 334.18 
5026.92 334.18 
4063.05 600.28 
4063.05 600.28 
5442.78 177.56 
5026.92 334.18 
1947.42 1119.34 
5442.78 177.56 
1947.42 1119.34 
1947.42 1119.34 
4063.05 600.28 
5442.78 177.56 
1947.42 1119.34 
5442.78 177.56 
4177.86 544.91 
4177.86 544.91 
4177.86 544.91 
4177.86 544.91 
5043.6 310.2 
5043.6 310.2 
5043.6 310.2 
4472.25 514.67 
4472.25 514.67 
4472.25 514.67 
4472.25 514.67 
4047.99 612.94 
4047.99 612.94 
4047.99 612.94 
5420.49 213.09 
5420.49 213.09 
5420.49 213.09 
5420.49 213.09 
1904.01 1447.82 
1904.01 1447.82 
1904.01 1447.82 
1874.79 1657.03 
1874.79 1657.03 
1874.79 1657.03 
1874.79 1657.03 
1904.01 1447.82 
4554.06 400.61 
4554.06 400.61 
2939.73 804.21 
3367.95 651.04 
2956.83 756.2 
4554.06 400.61 
2537.04 878.73 
3394.74 633.45 
2743.68 805.58 
2025.63 1019.11 
4973.94 368.96 
3048.99 695.68 
2533.95 950.22 
4554.06 400.61 
2486.01 995.9 
2164.2 997.49 
2537.04 878.73 
2537.04 878.73 
2537.04 878.73 
2743.68 805.58 
2743.68 805.58 
2743.68 805.58 
2956.83 756.2 
2956.83 756.2 
2956.83 756.2 
2164.2 997.49 
2164.2 997.49 
2164.2 997.49 
3394.74 633.45 
3394.74 633.45 
3394.74 633.45 
4973.94 368.96 
2533.95 950.22 
2533.95 950.22 
4973.94 368.96 
4973.94 368.96 
2533.95 950.22 
4123.35 597.34 
4123.35 597.34 
4123.35 597.34 
4123.35 597.34 
2486.01 995.9 
2486.01 995.9 
2025.63 1019.11 
2025.63 1019.11 
3048.99 695.68 
3048.99 695.68 
2486.01 995.9 
2025.63 1019.11 
3048.99 695.68 
11755.2 164.61 
11755.2 164.61 
11755.2 164.61 
2939.73 804.21 
2939.73 804.21 
11755.2 164.61 
2939.73 804.21 
3367.95 651.04 
3367.95 651.04 
3367.95 651.04 
