8161.26 119.29 
1748.94 1379.59 
8161.26 119.29 
1748.94 1379.59 
7126.2 188.79 
4930.05 233.99 
7126.2 188.79 
1841.76 1086.72 
1815.93 1271.84 
2935.44 671.45 
2769.33 786.56 
4086.06 451.66 
2309.55 949.84 
4604.58 317.93 
1994.07 1007.68 
3457.98 517.86 
1815.93 1271.84 
2348.19 877.67 
4153.74 351.21 
4193.64 325.01 
2543.49 845.92 
3347.01 593.08 
2769.33 786.56 
3672.36 502.82 
3873.15 460.32 
1948.2 1067.2 
2543.49 845.92 
2935.44 671.45 
4930.05 233.99 
1994.07 1007.68 
2309.55 949.84 
4716.57 273.13 
3347.01 593.08 
3672.36 502.82 
3186.27 635.13 
3259.29 631.14 
3186.27 635.13 
3873.15 460.32 
4814.64 254.08 
4716.57 273.13 
4153.74 351.21 
4814.64 254.08 
2348.19 877.67 
3457.98 517.86 
4604.58 317.93 
1948.2 1067.2 
1841.76 1086.72 
4086.06 451.66 
3259.29 631.14 
4193.64 325.01 
8161.26 119.29 
1748.94 1379.59 
7126.2 188.79 
1815.93 1271.84 
2769.33 786.56 
2543.49 845.92 
2935.44 671.45 
4930.05 233.99 
1994.07 1007.68 
2309.55 949.84 
3347.01 593.08 
3672.36 502.82 
3186.27 635.13 
3873.15 460.32 
4716.57 273.13 
4153.74 351.21 
4814.64 254.08 
2348.19 877.67 
3457.98 517.86 
4604.58 317.93 
1948.2 1067.2 
1841.76 1086.72 
4086.06 451.66 
3259.29 631.14 
4193.64 325.01 
1748.94 1379.59 
8161.26 119.29 
7126.2 188.79 
1815.93 1271.84 
2769.33 786.56 
2543.49 845.92 
2935.44 671.45 
4930.05 233.99 
1994.07 1007.68 
2309.55 949.84 
3347.01 593.08 
3672.36 502.82 
3186.27 635.13 
3873.15 460.32 
4716.57 273.13 
4814.64 254.08 
2348.19 877.67 
3457.98 517.86 
4604.58 317.93 
1948.2 1067.2 
1841.76 1086.72 
4086.06 451.66 
3259.29 631.14 
4193.64 325.01 
1748.94 1379.59 
