1 3 0 7 9 4 6 28 2 5  
10 21 19 18 6 27 22 25 24 23  
1 3 0 7 9 4 6 28 2 5  
10 21 19 18 6 27 22 25 24 23  
4 7 9 18 6 1 2 5 13 10  
4 1 9 17 6 8 12 5 3 10  
4 7 9 18 6 1 2 5 13 10  
13 11 19 27 26 28 2 25 24 20  
24 21 19 8 26 27 22 25 3 20  
23 11 29 7 6 28 22 25 24 0  
23 21 19 28 16 27 22 5 4 0  
13 1 29 28 16 7 12 5 14 0  
13 21 29 7 26 18 2 15 24 20  
3 0 24 1 19 7 6 8 12 5  
13 21 29 7 26 18 2 25 24 20  
23 1 29 8 26 7 2 5 24 20  
24 21 19 8 26 27 22 25 3 20  
13 21 9 7 26 8 22 25 24 0  
3 11 9 28 16 7 2 15 4 20  
3 1 9 28 16 7 2 5 14 20  
23 21 9 7 26 18 22 5 24 10  
3 1 19 18 16 27 2 5 4 20  
23 21 19 28 16 27 22 5 4 0  
23 21 9 8 16 7 22 5 14 0  
3 11 9 7 16 18 2 5 24 0  
23 11 29 27 26 18 2 15 24 20  
23 21 9 7 26 18 22 5 24 10  
23 11 29 7 6 28 22 25 24 0  
4 1 9 17 6 8 12 5 3 10  
13 21 29 7 26 18 2 25 24 20  
13 21 29 7 26 18 2 15 24 20  
4 1 9 17 6 8 22 5 3 10  
3 1 19 18 16 27 2 5 4 20  
23 21 9 8 16 7 22 5 14 0  
23 1 19 28 6 27 2 5 4 20  
3 11 19 8 16 27 2 25 4 0  
23 1 19 28 6 27 2 5 4 20  
3 11 9 7 16 18 2 5 24 0  
1 23 9 7 6 8 12 5 4 10  
4 1 9 17 6 8 22 5 3 10  
3 11 9 28 16 7 2 15 4 20  
1 23 9 7 6 8 12 5 4 10  
13 21 9 7 26 8 22 25 24 0  
23 1 29 8 26 7 2 5 24 20  
3 0 24 1 19 7 6 8 12 5  
23 11 29 27 26 18 2 15 24 20  
13 11 19 27 26 28 2 25 24 20  
13 1 29 28 16 7 12 5 14 0  
3 11 19 8 16 27 2 25 4 0  
3 1 9 28 16 7 2 5 14 20  
1 3 0 7 9 4 6 28 2 5  
10 21 19 18 6 27 22 25 24 23  
4 7 9 18 6 1 2 5 13 10  
24 21 19 8 26 27 22 25 3 20  
23 21 19 28 16 27 22 5 4 0  
23 21 9 7 26 18 22 5 24 10  
23 11 29 7 6 28 22 25 24 0  
4 1 9 17 6 8 12 5 3 10  
13 21 29 7 26 18 2 25 24 20  
13 21 29 7 26 18 2 15 24 20  
3 1 19 18 16 27 2 5 4 20  
23 21 9 8 16 7 22 5 14 0  
23 1 19 28 6 27 2 5 4 20  
3 11 9 7 16 18 2 5 24 0  
4 1 9 17 6 8 22 5 3 10  
3 11 9 28 16 7 2 15 4 20  
1 23 9 7 6 8 12 5 4 10  
13 21 9 7 26 8 22 25 24 0  
23 1 29 8 26 7 2 5 24 20  
3 0 24 1 19 7 6 8 12 5  
23 11 29 27 26 18 2 15 24 20  
13 11 19 27 26 28 2 25 24 20  
13 1 29 28 16 7 12 5 14 0  
3 11 19 8 16 27 2 25 4 0  
3 1 9 28 16 7 2 5 14 20  
10 21 19 18 6 27 22 25 24 23  
1 3 0 7 9 4 6 28 2 5  
4 7 9 18 6 1 2 5 13 10  
24 21 19 8 26 27 22 25 3 20  
23 21 19 28 16 27 22 5 4 0  
23 21 9 7 26 18 22 5 24 10  
23 11 29 7 6 28 22 25 24 0  
4 1 9 17 6 8 12 5 3 10  
13 21 29 7 26 18 2 25 24 20  
13 21 29 7 26 18 2 15 24 20  
3 1 19 18 16 27 2 5 4 20  
23 21 9 8 16 7 22 5 14 0  
23 1 19 28 6 27 2 5 4 20  
3 11 9 7 16 18 2 5 24 0  
4 1 9 17 6 8 22 5 3 10  
1 23 9 7 6 8 12 5 4 10  
13 21 9 7 26 8 22 25 24 0  
23 1 29 8 26 7 2 5 24 20  
3 0 24 1 19 7 6 8 12 5  
23 11 29 27 26 18 2 15 24 20  
13 11 19 27 26 28 2 25 24 20  
13 1 29 28 16 7 12 5 14 0  
3 11 19 8 16 27 2 25 4 0  
3 1 9 28 16 7 2 5 14 20  
10 21 19 18 6 27 22 25 24 23  
