4 6 8 19 1 17 2 5 3 0  
4 6 8 19 1 17 2 5 3 0  
11 23 29 18 6 7 12 5 24 0  
11 23 29 18 6 7 12 5 24 0  
4 6 18 19 1 13 15 2 7 0  
4 6 8 19 1 17 2 5 3 0  
14 26 28 11 29 27 22 25 23 0  
4 6 18 19 1 13 15 2 7 0  
14 26 28 11 29 27 22 25 23 0  
14 26 28 11 29 27 22 25 23 0  
11 23 29 18 6 7 12 5 24 0  
4 6 18 19 1 13 15 2 7 0  
14 26 28 11 29 27 22 25 23 0  
4 6 18 19 1 13 15 2 7 0  
24 6 8 19 1 7 22 15 3 0  
24 6 8 19 1 7 22 15 3 0  
24 6 8 19 1 7 22 15 3 0  
24 6 8 19 1 7 22 15 3 0  
4 26 18 2 1 9 17 5 3 0  
4 26 18 2 1 9 17 5 3 0  
4 26 18 2 1 9 17 5 3 0  
4 6 28 29 27 1 2 25 23 10  
4 6 28 29 27 1 2 25 23 10  
4 6 28 29 27 1 2 25 23 10  
4 6 28 29 27 1 2 25 23 10  
14 26 18 9 11 7 22 5 3 0  
14 26 18 9 11 7 22 5 3 0  
14 26 18 9 11 7 22 5 3 0  
4 6 8 1 29 17 2 0 3 5  
4 6 8 1 29 17 2 0 3 5  
4 6 8 1 29 17 2 0 3 5  
4 6 8 1 29 17 2 0 3 5  
24 16 28 29 11 22 27 25 23 20  
24 16 28 29 11 22 27 25 23 20  
24 16 28 29 11 22 27 25 23 20  
14 26 28 29 21 27 25 22 23 20  
14 26 28 29 21 27 25 22 23 20  
14 26 28 29 21 27 25 22 23 20  
14 26 28 29 21 27 25 22 23 20  
24 16 28 29 11 22 27 25 23 20  
4 6 18 19 11 7 2 25 23 0  
4 6 18 19 11 7 2 25 23 0  
24 16 28 11 29 7 2 25 23 10  
24 16 18 21 29 7 2 5 13 10  
4 26 8 21 29 7 12 5 23 20  
4 6 18 19 11 7 2 25 23 0  
24 26 28 21 9 17 22 5 3 10  
24 6 8 21 29 7 2 15 13 10  
24 16 8 1 29 27 2 25 23 20  
24 26 8 21 29 7 22 25 3 10  
4 6 18 9 1 7 12 15 3 10  
14 26 8 21 29 7 2 5 23 20  
24 26 28 21 9 7 12 15 23 20  
4 6 18 19 11 7 2 25 23 0  
14 26 18 21 29 7 22 15 13 10  
14 26 28 21 29 27 2 25 23 20  
24 26 28 21 9 17 22 5 3 10  
24 26 28 21 9 17 22 5 3 10  
24 26 28 21 9 17 22 5 3 10  
24 16 8 1 29 27 2 25 23 20  
24 16 8 1 29 27 2 25 23 20  
24 16 8 1 29 27 2 25 23 20  
4 26 8 21 29 7 12 5 23 20  
4 26 8 21 29 7 12 5 23 20  
4 26 8 21 29 7 12 5 23 20  
14 26 28 21 29 27 2 25 23 20  
14 26 28 21 29 27 2 25 23 20  
14 26 28 21 29 27 2 25 23 20  
24 6 8 21 29 7 2 15 13 10  
24 6 8 21 29 7 2 15 13 10  
24 6 8 21 29 7 2 15 13 10  
4 6 18 9 1 7 12 15 3 10  
24 26 28 21 9 7 12 15 23 20  
24 26 28 21 9 7 12 15 23 20  
4 6 18 9 1 7 12 15 3 10  
4 6 18 9 1 7 12 15 3 10  
24 26 28 21 9 7 12 15 23 20  
1 9 3 8 26 17 2 25 4 20  
1 9 3 8 26 17 2 25 4 20  
1 9 3 8 26 17 2 25 4 20  
1 9 3 8 26 17 2 25 4 20  
14 26 18 21 29 7 22 15 13 10  
14 26 18 21 29 7 22 15 13 10  
24 26 8 21 29 7 22 25 3 10  
24 26 8 21 29 7 22 25 3 10  
14 26 8 21 29 7 2 5 23 20  
14 26 8 21 29 7 2 5 23 20  
14 26 18 21 29 7 22 15 13 10  
24 26 8 21 29 7 22 25 3 10  
14 26 8 21 29 7 2 5 23 20  
6 8 7 1 5 9 2 3 10 4  
6 8 7 1 5 9 2 3 10 4  
6 8 7 1 5 9 2 3 10 4  
24 16 28 11 29 7 2 25 23 10  
24 16 28 11 29 7 2 25 23 10  
6 8 7 1 5 9 2 3 10 4  
24 16 28 11 29 7 2 25 23 10  
24 16 18 21 29 7 2 5 13 10  
24 16 18 21 29 7 2 5 13 10  
24 16 18 21 29 7 2 5 13 10  
